0
9158
-2976
9158
12606
0
12606
9158
-2976
9158
0
-9159
2975
-9159
-12607
0
-12607
-9159
2975
-9159
-1
9158
-2976
9158
12606
0
12606
9158
-2976
9158
-1
-9159
2975
-9159
-12607
0
-12607
-9159
2975
-9159
-1
9158
-2976
9158
12606
0
12606
9158
-2976
9158
0
-9159
2975
-9159
-12607
0
-12607
-9159
2975
-9159
0
9158
-2976
9158
12606
0
12606
9158
-2976
9158
0
-9159
2975
-9159
-12607
0
-12607
-9159
2975
-9159
-1
9158
-2976
9158
12606
0
12606
9158
-2976
9158
-1
-9159
2975
-9159
-12607
0
-12607
-9159
2975
-9159
-1
9158
-2976
9158
12606
0
12606
9158
-2976
9158
0
-9159
2975
-9159
-12607
0
-12607
-9159
2975
-9159
0
9158
-2976
9158
12606
0
12606
9158
-2976
9158
0
-9159
2975
-9159
-12607
0
-12607
-9159
2975
-9159
-1
9158
-2976
9158
12606
0
12606
9158
-2976
9158
0
-9159
2975
-9159
-12607
0
-12607
-9159
2975
-9159
-1
9158
-2976
9158
12606
0
12606
9158
-2976
9158
-1
-9159
2975
-9159
-12607
0
-12607
-9159
2975
-9159
0
9158
-2976
9158
12606
0
12606
9158
-2976
9158
0
-9159
2975
-9159
-12607
0
-12607
-9159
2975
-9159
-1
