0
-64
-128
384
1984
3136
4160
6400
7680
7424
7680
6400
4160
2560
-256
-3008
-4608
-6848
-8128
-7936
-8128
-6848
-4672
-3072
-320
2496
4096
6400
7680
7424
7680
6400
4096
2496
-320
-3072
-4672
-6848
-8128
-7936
-8128
-6848
-4672
-3072
-320
2496
4096
6400
7680
7424
7680
6400
4160
2560
-256
-3008
-4608
-6848
-8128
-7936
-8128
-6848
-4608
-3008
-256
2560
4160
6400
7680
7424
7680
6400
4160
2560
-256
-3008
-4608
-6848
-8128
-7936
-8128
-6848
-4672
-3072
-320
2496
4096
6400
7680
7424
7680
6400
4096
2496
-320
-3072
-4672
-6848
-8128
-7936
-8128
-6848
-4672
-3072
-320
2496
4096
6400
7680
7424
7680
6400
4160
2560
-256
-3008
-4608
-6848
-8128
-7936
-8128
-6848
-4608
-3008
-256
2560
4160
6400
7680
7424
7680
6400
4160
2560
-256
-3008
-4608
-6848
-8128
-7936
-8128
-6848
-4672
-3072
-320
2496
4096
6400
7680
7424
7680
6400
4160
2560
-256
-3008
-4608
-6848
-8128
-7936
-8128
-6848
-4672
-3072
-320
2496
4096
6400
7680
7424
7680
6400
4096
2496
-320
-3072
-4672
-6848
-8128
-7936
-8128
-6848
-4608
-3008
-256
2560
4160
6400
7680
7424
7680
6400
4160
2560
-256
-3008
-4608
-6848
-8128
-7936
-8128
