0
-57
-107
453
2078
3222
4226
6514
7808
7603
7808
6570
4332
2769
0
-2770
-4333
-6571
-7809
-7604
-7809
-6571
-4333
-2770
-1
2769
4332
6570
7808
7603
7808
6570
4332
2769
0
-2770
-4333
-6571
-7809
-7604
-7809
-6571
-4333
-2770
-1
2769
4332
6570
7808
7603
7808
6570
4332
2769
0
-2770
-4333
-6571
-7809
-7604
-7809
-6571
-4333
-2770
0
2769
4332
6570
7808
7603
7808
6570
4332
2769
0
-2770
-4333
-6571
-7809
-7604
-7809
-6571
-4333
-2770
0
2769
4332
6570
7808
7603
7808
6570
4332
2769
-1
-2770
-4333
-6571
-7809
-7604
-7809
-6571
-4333
-2770
-1
2769
4332
6570
7808
7603
7808
6570
4332
2769
0
-2770
-4333
-6571
-7809
-7604
-7809
-6571
-4333
-2770
0
2769
4332
6570
7808
7603
7808
6570
4332
2769
0
-2770
-4333
-6571
-7809
-7604
-7809
-6571
-4333
-2770
-1
2769
4332
6570
7808
7603
7808
6570
4332
2769
0
-2770
-4333
-6571
-7809
-7604
-7809
-6571
-4333
-2770
-1
2769
4332
6570
7808
7603
7808
6570
4332
2769
-1
-2770
-4333
-6571
-7809
-7604
-7809
-6571
-4333
-2770
0
2769
4332
6570
7808
7603
7808
6570
4332
2769
0
-2770
-4333
-6571
-7809
-7604
-7809
