0
-57
-107
451
2076
3219
4223
6510
7805
7598
7805
6566
4328
2764
-4
-2774
-4336
-6575
-7812
-7608
-7812
-6575
-4337
-2775
-5
2763
4327
6566
7805
7598
7805
6566
4327
2763
-5
-2775
-4337
-6575
-7812
-7608
-7812
-6575
-4337
-2775
-5
2763
4327
6566
7805
7598
7805
6566
4328
2764
-4
-2774
-4336
-6575
-7812
-7608
-7812
-6575
-4336
-2774
-4
2764
4328
6566
7805
7598
7805
6566
4328
2764
-4
-2774
-4336
-6575
-7812
-7608
-7812
-6575
-4337
-2775
-5
2763
4327
6566
7805
7598
7805
6566
4327
2763
-5
-2775
-4337
-6575
-7812
-7608
-7812
-6575
-4337
-2775
-5
2763
4327
6566
7805
7598
7805
6566
4328
2764
-4
-2774
-4336
-6575
-7812
-7608
-7812
-6575
-4336
-2774
-4
2764
4328
6566
7805
7598
7805
6566
4328
2764
-4
-2774
-4336
-6575
-7812
-7608
-7812
-6575
-4337
-2775
-5
2763
4327
6566
7805
7598
7805
6566
4328
2764
-4
-2774
-4336
-6575
-7812
-7608
-7812
-6575
-4337
-2775
-5
2763
4327
6566
7805
7598
7805
6566
4327
2763
-5
-2775
-4337
-6575
-7812
-7608
-7812
-6575
-4336
-2774
-4
2764
4328
6566
7805
7598
7805
6566
4328
2764
-4
-2774
-4336
-6575
-7812
-7608
-7812
