      0
      0
      0
    -58
   -107
    450
   3219
   4300
   4221
   6508
   7803
   7594
   7803
   2690
    -25
    -25
  -4412
  -4334
  -7735
  -7735
  -7811
  -7602
  -4411
  -2698
  -2774
     16
   4404
   4404
   4325
   7803
   7594
   6508
   6508
   6565
   4325
   2765
  -2774
  -6551
  -6551
  -6572
  -7754
  -6514
  -4411
  -4411
  -2774
     16
   2765
   4325
   6544
   7803
   7670
   7594
   7803
   4326
   2690
  -2695
  -2695
  -4334
  -7735
  -7811
  -7678
  -7602
  -6572
  -4410
  -4334
   2687
   2687
   6544
   6565
   7803
   7594
   7745
   7803
   6565
   4326
   2766
     -4
  -6551
  -7735
  -7735
  -7754
  -7811
  -4411
  -4411
  -4335
  -2774
   4404
   6544
   6565
   7727
   7745
   7745
   7803
   4325
   2765
  -2696
  -2696
  -2774
  -4335
  -6572
  -7602
  -6514
  -6514
  -6572
     16
   2686
   4404
   4404
   6565
   7727
   7594
   7803
   6508
   4326
   2690
   2766
     -4
  -4334
  -6551
  -7678
  -7678
  -7811
  -4410
  -4334
  -2697
  -2773
   2766
   4405
   4326
   7670
   7670
   6508
   6565
   4326
   2766
    -25
     -4
  -2773
  -4334
  -6572
  -7811
  -6514
  -4411
  -4411
     16
     -5
   4404
   4404
   4325
   6565
   7745
   6508
   6565
   4402
    -25
    -25
     -4
  -4334
  -6572
  -7678
  -7678
  -7602
  -7811
  -6572
  -2774
   2686
   2686
   2765
   7727
   7670
   7745
   7745
   6565
   4401
   2765
     -5
  -2696
  -4335
  -6551
  -6572
  -7811
  -7811
  -6514
  -2697
  -2697
     -4
   4405
   4326
   6544
   6565
   7594
   7745
   7803
   2690
   2690
  -2695
  -2773
  -4334
  -6572
  -7735
  -7811
