7803
7594
7803
6565
4326
2766
-4
-2773
-4334
-6572
-7811
-7602
-7811
-6572
-4335
-2774
-5
2765
4325
6565
7803
7594
7803
6565
4325
2765
-5
-2774
-4335
-6572
-7811
-7602
-7811
-6572
-4335
-2774
-5
2765
4325
6565
7803
7594
7803
6565
4326
2766
-4
-2773
-4334
-6572
-7811
-7602
-7811
-6572
-4334
-2773
-4
2766
4326
6565
7803
7594
7803
6565
4326
2766
-4
-2773
-4334
-6572
-7811
-7602
-7811
-6572
-4335
-2774
-5
2765
4325
6565
7803
7594
7803
6565
4325
2765
-5
-2774
-4335
-6572
-7811
-7602
-7811
-6572
-4335
-2774
-5
2765
4325
6565
7803
7594
7803
6565
4326
2766
-4
-2773
-4334
-6572
-7811
-7602
-7811
-6572
-4334
-2773
-4
2766
4326
6565
7803
7594
7803
6565
4326
2766
-4
-2773
-4334
-6572
-7811
-7602
-7811
-6572
-4335
-2774
-5
2765
4325
6565
7803
7594
7803
6565
4326
2766
-4
-2773
-4334
-6572
-7811
-7602
-7811
-6572
-4335
-2774
-5
2765
4325
6565
7803
7594
7803
6565
4325
2765
-5
-2774
-4335
-6572
-7811
-7602
-7811
-6572
-4334
-2773
-4
2766
4326
6565
7803
7594
7803
6565
4326
2766
-4
-2773
-4334
-6572
-7811
-7602
-7811
